

%              Line    Bus    Bus       R          X        Imax 
%              no.     Snd    Rcv      (Ohms)     (Ohms)    (Amps)
linedata = [    1       1      2      0.0922     0.0477      400
                2       2      3      0.4930     0.2511      400
                3       3      4      0.3660     0.1864      400
                4       4      5      0.3811     0.1941      400
                5       5      6      0.8190     0.7070      400
                6       6      7      0.1872     0.6188      300
                7       7      8      1.7114     1.2351      300
                8       8      9      1.0300     0.7400      200
                9       9     10      1.0400     0.7400      200
                10     10     11      0.1966     0.0650      200
                11     11     12      0.3744     0.1238      200
                12     12     13      1.4680     1.1550      200
                13     13     14      0.5416     0.7129      200
                14     14     15      0.5910     0.5260      200
                15     15     16      0.7463     0.5450      200
                16     16     17      1.2890     1.7210      200
                17     17     18      0.7320     0.5740      200
                18      2     19      0.1640     0.1565      200
                19     19     20      1.5042     1.3554      200
                20     20     21      0.4095     0.4784      200
                21     21     22      0.7089     0.9373      200
                22      3     23      0.4512     0.3083      200
                23     23     24      0.8980     0.7091      200
                24     24     25      0.8960     0.7011      200
                25      6     26      0.2030     0.1034      300
                26     26     27      0.2842     0.1447      300
                27     27     28      1.0590     0.9337      300
                28     28     29      0.8042     0.7006      200
                29     29     30      0.5075     0.2585      200
                30     30     31      0.9744     0.9630      200
                31     31     32      0.3105     0.3619      200
                32     32     33      0.3410     0.5302      200    ];