

%              Line    Bus    Bus       R          X        Imax 
%              no.     Snd    Rcv      (Ohms)     (Ohms)    (Amps)
linedata = [    1       1      2      0.0922     0.0470      400
                2       2      3      0.4930     0.2510      400
                3       3      4      0.3661     0.1864      400
                4       2      5      0.1640     0.1564      400    ];